14000501400050001001026419850045242461254706101001001119852006800032822221
14000501400050001001027783980057394285177648101001001119782010800086222221
14000501400050001001027783980057394285177648101001001219802010800086222221
14000501400050001001028687700058314946059030101001002219882006800086222228
14000501400050001001032171810053968701849455101001001119752001800086222221
14001001400100005001023656630129337006107519101001001119762007800027622221
14001001400100005001025040780064185221373794101001001220002003800032822221
14001001400100005001029780500094609889745671101001001119742010800086222221
14001001400100005001033966230079721249785137101001001219802008800032822221
14001001400100005001036196120115131864260867101001001119742003800086222221
14001001400100005001043085310073928517096497101001001119792009800032822221
14001001400100005001055624170065705594107431101001001119942010800032822221
14001001400100005002014487440106212763293796101001001119702003800074022221
14001001400100005002016848120087565987400519101001001119832010800074022221
14001001400100005002016848120087565987400519101001001219762010800074022221
14001001400100005002029209310123050423365090101001001219732010800032822221
14001001400100005002029209310123050423365090101001001119802010800032822221
14001001400100005002029966950089907435465932101001001219832010800032822221
14001001400100005002038710560079343764731418101001001119812010800086222221
14001001400100005002044473140108767976061626101001001119912010800032822221
14001001400100005002044473140108767976061626101001001119872010800032822221
14001001400100005002047792540135488771869492101001001119692010800086222221
14001001400100005002058840920068102433763934101001001219912009800086222221
14001001400100005003007976240101139263074856101001001220062010800086222221
14001001400100005003007976240101139263074856101001001119652010800074022221
14001001400100005003007976240101139263074856101001001219812010800086222221
14001001400100005003007976240101139263074856101001001219652010800074022221
14001001400100005003009907470098370930176372101001001119552010800086222221
14001001400100005003009926540055984418407462101001001119702010800032822221
14001001400100005003012836540064008969428821101001001119702008800032822221
14001001400100005003014250320058681895881540101001001219842010800025422221
14001001400100005003018417030083555087352406101001001219882010800086222221
14001001400100005003019435030106871103868641101001001119632009800032822221
14001001400100005003022074260094518156192234101001001219682010800074022221
14001001400100005003036756450092935407582769101001001119692007800086222221
14001001400100005003040812450122660590349428101001001219682009800074022221
14001001400100005003045221300107136674907575101001001119752010800086222221
14001001400100005003050035640085219979531274101001001119551998800074022221
14001001400100005004007083820071960302904098101001001219722005800060022221
14001001400100005004007440560076807329046418101001001219872009800025422221
14001001400100005004008770040120203637869643101001001119832004800086222221
14001001400100005004016165570107908035191507101001001219682001800032822221
14001001400100005004041502980049234312487729101001001119681998800012422221
14001001400100005004044760060099677077604231101001001219702008800032822221
14001001400100005004044760060099677077604231101001001119602005800032822221
14001001400100005005012442240104219644552285101001001119522007800074022221
14001001400100005005014064070167797888012820101001001219622008800025422221
14001001400100005005016557980122088218566667101001001119512010800032822221
14001001400100005005027241520101612524425493101001001119842004800086222221
14001001400100005005044987550113985439655674101001001119582010800084022221
14001001400100005005058151230064686976655306101001001119562009800025422221
14001001400100005005058151230064686976655306101001001219792010800032822221
14001001400100005005058151230064686976655306101001001219822010800032822221
14001001400100005005058151230064686976655306101001001219602009800025422221
14001001400100005006011139120116427268276403101001001219832007800086222221
14001001400100005006014471110107697285123997101001001119502003800086222221
14001001400100005006022344490088356925285844101001001119482010800032822221
14001001400100005006037898260118664283405794101001001219872010800032822221
14001001400100005006047398450151260026835487101001001119592009800086222221
14001001400100005006051565500114745738328370101001001119662009800032822221
14001001400100005007001043050104416620258970101001001219762010800074022221
14001001400100005007007086380114519328170234101001001119652010800032822221
14001001400100005007008385860110937698210662101001001219602010800086222221
14001001400100005007026998300113424828603065101001001119872005800027622221
14001001400100005007028291070076170869209651101001001119862009800074022221
14001001400100005007028826840088855031499693101001001119622010800032822221
14001001400100005007030772840111772638186710101001001219792010800032822221
14001001400100005007041820830098211757244381101001001219822010800032822221
14001001400100005007043823580095621673616217101001001219742009800086222221
14001001400100005007044036940099611108011696101001001119472010800086222221
14001001400100005007050134810128932303128688101001001119792001800086222221
14001001400100005007050134810128932303128688101001001119752010800086222221
14001001400100005007053192460148371373578707101001001119872010800006822221
14001001400100005008009837710137216151436084101001001119852009800032822221
14001001400100005008045132270133779402432514101001001219701994800086222221
14001001400100005008053733820106862619241108101001001119682008800032822221
14001001400100005009000347840102620621580459101001001119552010800086222221
14001001400100005009001462300104658208558622101001001219862010800003222221
14001001400100005009004938380106310625870125101001001219772010800032822221
14001001400100005009004938380106310625870125101001001219762010800032822221
14001001400100005009004938380106310625870125101001001219712010800032822221
14001001400100005009014782350088338263483641101001001119742009800086222221
14001001400100005009022352950101748542194358101001001119692004800086222221
14001001400100005009023421400097837093811375101001001119712010800032822221
14001001400100005009024122860106761084906577101001001219641983800086222221
14001001400100005009030636180090561674231627101001001119802010800032822221
14001001400100005009035179980113797218343363101001001219892009800038022221
14001001400100005009044718870098231496925746101001001219622010800086222221
14001001400100005009047559740085131877142503101001001219801994800062022221
14001001400100005009047559740085131877142503101001001219771994800062022221
14001001400100005009060436840101565577382072101001001119742004800074022221
14001001400100005010003677160143192271455613101001001119572001800086222221
14001001400100005010016026000152805659881100101001001119842007800039222221
14001001400100005010032711840109272159020888101001001119582010800086222221
14001001400100005010052534960085198057998538101001001219882007800032822221
14001001400100005010056747000083193015590103101001001219752006800086222221
14001001400100005010059522330099216216596738101001001219652010800032822221
14001001400100005010059522330099216216596738101001001119692010800032822221
14001001400100005011004648520109028311293783101001001219682008800086222221
14001001400100005011013202630112694795351737101001001119752010800006822221
14001001400100005011021123540055504490822783101001001119582010800086222221
14001001400100005011028571670096449215731549101001001219612010800086222221
14001001400100005011041756080091152737902377101001001219872007800086222221
14001001400100005012006987000105897917641822101001001219601978800086222221
14001001400100005012028495730073344282320436101001001219771990800032822221
14001001400100005012043526620110590228348478101001001219792008800039222221
14001001400100005012047600810090442474639359101001001119552010800052822221
14001001400100005012047600810090442474639359101001001219502010800086222221
14001001400100005012053768490109023005817191101001001119482009800032822221
14001001400100005012053768490109023005817191101001001119652010800086222221
14001001400100005012053865760120198991388306101001001219742008800072422221
14001001400100005013003218990097843779059300101001001119882007800084022221
14001001400100005013014420650064058852361416101001001119742010800086222221
14001001400100005014000800830066547100482807101001001219792007800075622221
14001001400100005014024844560087629092862006101001001219922008800086222221
14001001400100005014024844560087629092862006101001001219942010800086222221
14001001400100005014045292940123515879669827101001002119842010800032822228
14001001400100005014045292940123515879669827101001002119812010800032822228
14001001400100005014045292940123515879669827101001002119802010800032822228
14001001400100005014056813780161330998324511101001001219682010800032822221
14001591400159001001000975740054522603682127101002001219652009800032822221
14001591400159001001006255060033135617810469101002001219872010800084022221
14001591400159001001008724030049613985292594101002001119832009800086222221
14001591400159001001014789010037094108450535101002001219872008800032822221
14001591400159001001049846790061041090063203101002001219962010800032822221
14001591400159001001051036730062335089711713101002002119902010800032822228
14001591400159001001051036730062335089711713101002002219602010800032822228
14001591400159001001055507920039760688721078101002002219842009800084022225
14001751400175001001034620020048054073887713101002001119522010800086222221
14001751400175001001037936560053222827719855101002001219832008800032822221
14002091400209001001020620370042633036296618102003001119612003800086222221
14002091400209001001022932110049876937577731102003002119832007800052822225
14002091400209001001029438180049583960874171102003001219912007800086222221
14002091400209001001032518020047782723108376102003001119872009800086222221
14002091400209001001049051960048767732525747102003001219592010800086222221
14002091400209001001061726530052282717624905102003002119702003800086222225
14002331400233001001004988640033240411568306102004002219892010800006822228
14002331400233001001018928780016609991220784102004002219802006800084022228
14002331400233001001033243800021975089468407102004002219792010800086222228
14002331400233001001033243800021975089468407102004002219842010800086222228
14002331400233001001036981510023810160550094102004002219862008800086222228
14002331400233001001037585080031272249771961102004002119822010800032822225
14002331400233001001038211420035992849373686102004001219862003800086222221
14002331400233001001042392570035173998336440102004002119862006800084022228
14002821400282001001001979660033154569230489102003001219842005800072422221
14002821400282001001038061320035692269963402102003001119692009800074022221
14003081400308001001003429140052633764190389102003002119902007800086222228
14003081400308001001015832660051080766057025102003001219632003800074022221
14003081400308001001016765050051575218451766102003001219782010800025422221
14003081400308001001043590480051080766057025102003001219742008800086222221
14003081400308001001043590480051080766057025102003001119952008800086222221
14003081400308001001049892220050233465082744102003001219832010800032822221
14003081400308001001053609640053128216585129102003001119592006800086222221
14004071400407001001049514150030560313472708101002002119902010800033222228
14004561400456001001000521740039399462093937101001002219842004800086222228
14004561400456001001000521740039399462093937101001002219822004800086222228
14004561400456001001005301380054234095906406101001001119662008800002422221
14004561400456001001060418160029938504198636101001001119912009800086222221
14004721400472001001005129310114486082374473102004002219842010800074022228
14004721400472001001009930870108666133462147102004002219902009800032822228
14004721400472001001012009390120960864902749102004002219772009800074022228
14004721400472001001015040040102409628805854102004002219612010800086222228
14005061400506001001021606180028331561852779102004001219721996800062422221
14006051400605001001009148160036413705700315102004001119822009800032822221
14006051400605001001029766330013313260500981102004002219712010800086222228
