14000271400027001001017822270056424310183293101001002111067  22225
14000271400027001001036847680042831317499144101001001111070  22221
14000271400027001001046059220052719919342181101001001051073  22221
14000271400027001001047358310077599485115081101001001011059  22221
14000271400027001001057953940043387865457557101001002081077  22227
14000501400050001001005145290046462739672526101001001081   1122221
14000501400050001001005456800052141875373734101001002011   0622227
14000501400050001001029088920034817787411805101001001112092  22221
14000501400050001001034317030051901254737937101001002032066  22228
14000501400050001001053195410042449619367583101001001052082  22221
14001001400100005001026926400093693643451774101001001051070  22221
14001001400100005001031755820129752175875028101001001111079  22221
14001001400100005001033500920131192215418176101001001111091  22221
14001001400100005001042728710131115430799517101001001102018  22221
14001001400100005001046599010108805626262930101001001072   0722221
14001001400100005001055574120142413304039531101001001121050  22221
14001001400100005002000697280083753776895342101001001061035  22221
14001001400100005002004612370100994647707314101001001062072  22221
14001001400100005002028761080108647598376439101001001112062  22221
14001001400100005002047179610101218714971531101001001022067  22221
14001001400100005002049033180121528137270075101001001052078  22221
14001001400100005002053726320073407893149965101001001081057  22221
14001001400100005003003721100085541793087991101001001091046  22221
14001001400100005003006879450078786070162897101001001041046  22221
14001001400100005003025889200112090786386382101001001111088  22221
14001001400100005003026568190093331625059001101001001111034  22221
14001001400100005003029249480118080117274527101001001051059  22221
14001001400100005003029250220113863796179443101001001122053  22221
14001001400100005003036207450109756312393220101001001022061  22221
14001001400100005003049621970155263276295835101001001102032  22221
14001001400100005003057903750084663825290345101001001011064  22221
14001001400100005004000730320117357960757855101001001051099  22221
14001001400100005004024334030113817112730148101001001011087  22221
14001001400100005004037938930087989387934028101001001041   0122221
14001001400100005004046471700073225607383749101001001051073  22221
14001001400100005004051380090069635401108594101001001031015  22221
14001001400100005004052156250104686600881989101001001072072  22221
14001001400100005004057838780090397785369519101001001081024  22221
14001001400100005005003424230136383583728288101001001122030  22221
14001001400100005005004250660071196395409413101001001011084  22221
14001001400100005005010468750092187335450956101001001062079  22221
14001001400100005005035824110102773218777951101001001082   0122221
14001001400100005005035927600083425686512770101001001091038  22221
14001001400100005005047022840147839556712287101001001121082  22221
14001001400100005005047525720088021696973881101001001121043  22221
14001001400100005005060118690106641766024841101001001112077  22221
14001001400100005006020757400054406514122610101001001102090  22221
14001001400100005006037805750116496260704562101001001022040  22221
14001001400100005006055218050095006958502397101001001111084  22221
14001001400100005006060712260094929841083201101001001092   0622221
14001001400100005007006589270108642465276973101001001012   0022221
14001001400100005007017353130122592062691659101001001122042  22221
14001001400100005007019879980099993891559040101001001101027  22221
14001001400100005007034356630132859144876970101001001061072  22221
14001001400100005007037948780083523249494749101001001121047  22221
14001001400100005007040886230093316545162772101001001011030  22221
14001001400100005007041357740073327540331407101001001112063  22221
14001001400100005007042194200130208999071329101001001072072  22221
14001001400100005007061201710094506108835885101001001021034  22221
14001001400100005008002161370084315149877652101001001071063  22221
14001001400100005008017578040075142558325486101001001031040  22221
14001001400100005008021465460105871931899464101001001011028  22221
14001001400100005008022445270099774679866222101001001101   0022221
14001001400100005008028892230100255719138915101001001051083  22221
14001001400100005008030318430091645664412871101001001122035  22221
14001001400100005008049642810128156067551467101001001011   0122221
14001001400100005008058023330097566597651612101001001031069  22221
14001001400100005009013605640073768967539022101001001032064  22221
14001001400100005009020726080112946797751140101001001011   0122221
14001001400100005009026098020079725371373763101001001101037  22221
14001001400100005009030636180090561674231627101001001061   0022221
14001001400100005009049887480115149948438391101001001041035  22221
14001001400100005009052478090086035648230873101001001091002  22221
14001001400100005009053363800072371290321894101001001032068  22221
14001001400100005009054458930136301729807319101001001092076  22221
14001001400100005009060307600062721949402051101001001042015  22221
14001001400100005010003837590139645254395090101001001051059  22221
14001001400100005010003930930106043910341564101001001031067  22221
14001001400100005010006843090081551884922719101001001081051  22221
14001001400100005010015697530103590048009652101001001102034  22221
14001001400100005010021598480127434738833824101001001102056  22221
14001001400100005010034859390136545791503744101001001112064  22221
14001001400100005010035530030086369372900360101001001061074  22221
14001001400100005010054689770117145577995705101001001031017  22221
14001001400100005010058437760070982349818353101001001091016  22221
14001001400100005011009104580098141132574342101001001112073  22221
14001001400100005011011014530109354028633009101001001122051  22221
14001001400100005011013608650071134039007224101001001011075  22221
14001001400100005011017691460134457061007122101001001052091  22221
14001001400100005011032886360086109048905841101001001051086  22221
14001001400100005011050285730055294979226010101001001032084  22221
14001001400100005011050705100128993377862748101001001091045  22221
14001001400100005011051500030098672992754507101001001052053  22221
14001001400100005012000386260101851290373898101001001042072  22221
14001001400100005012012369280097643753577701101001001011020  22221
14001001400100005012021162260095462800413896101001001072022  22221
14001001400100005012028022650188642766364547101001001041077  22221
14001001400100005012031246240062227424928985101001001041022  22221
14001001400100005012037236550137345803021486101001001052068  22221
14001001400100005012037609510168640528507763101001001091029  22221
14001001400100005012051067190113167348248891101001001121080  22221
14001001400100005012055344300108783071790002101001001021039  22221
14001001400100005012055871970091960341532547101001001112073  22221
14001001400100005012057476010117374098866171101001001082066  22221
14001001400100005013012839450134831622243958101001001082059  22221
14001001400100005013019832590036635559396043101001001021051  22221
14001001400100005013023811240131255725858079101001001052052  22221
14001001400100005013026295220086049891683424101001001092058  22221
14001001400100005013031440590091879830249724101001001021081  22221
14001001400100005013033152790090461128063111101001001091084  22221
14001001400100005014008876760114726826435725101001002042044  22227
14001001400100005014008946880127701451416122101001002071017  22228
14001001400100005014009800410084977100744352101001001012090  22221
14001001400100005014024844560087629092862006101001001122072  22221
14001001400100005014060053100086007599547707101001002112063  22228
14001591400159001001005643100042300828635621101002001102090  22221
14001591400159001001006325010062921358299204101002002081021  22227
14001591400159001001007043350049613030507209101002002011025  22228
14001591400159001001013606970042794802267802101002002061073  22228
14001591400159001001016337320032653829126539101002001042004  22221
14001591400159001001023261790070632786840959101002002092068  22228
14001591400159001001024255900050372132494211101002001112089  22221
14001591400159001001028983630048478092406585101002002121028  22227
14001591400159001001047632160046450068864401101002001122   0122221
14001591400159001001050496160054945798380401101002001121072  22221
14001591400159001001051055190052301675578807101002002122   0522227
14001591400159001001054711760045743503596329101002001071067  22221
14001591400159001001059481240069696481720217101002002051   0122228
14001751400175001001012197160039176223314769101002002062001  22225
14001751400175001001014868780045734970742177101002002082040  22228
14001751400175001001015218990050078707980958101002001111056  22221
14001751400175001001019313480050747090078962101002002111075  22228
14001751400175001001020998950034894933793261101002002052015  22228
14001751400175001001023986860040213542300444101002002012058  22227
14001751400175001001031936150037914739034019101002001091084  22221
14001751400175001001035251370039162762937617101002002012056  22225
14001751400175001001039128330046386575291012101002001052015  22221
14001751400175001001039426420049611674710881101002001071079  22221
14001751400175001001047509400060526658541370101002001072037  22221
14001751400175001001061448360045314337808873101002002122045  22228
14002091400209001001009988920058278779670646102003001021022  22221
14002091400209001001010583240061579054183810102003001021096  22221
14002091400209001001011767370052798575470726102003001032070  22221
14002091400209001001017974530052993836870087102003002101059  22228
14002091400209001001018401260060245247141550102003001071076  22221
14002091400209001001019005150056706584190964102003001041047  22221
14002091400209001001020834800040869660359513102003001102079  22221
14002091400209001001022482890053602989148663102003001061038  22221
14002091400209001001027111190052554273002458102003001112077  22221
14002091400209001001041895750058175740877604102003001071065  22221
14002091400209001001042686590050940034343464102003001032017  22221
14002091400209001001046004950048475552390012102003001091029  22221
14002091400209001001046167600052892889311431102003001041048  22221
14002091400209001001049769100057235406762212102003001112080  22221
14002091400209001001052645660059046301126213102003001111038  22221
14002091400209001001054999670053314878701600102003001062070  22221
14002091400209001001056128520046324712994021102003001062073  22221
14002091400209001001056128520046324712994021102003001042072  22221
14002091400209001001059064940047756261799164102003001992082  12221
14002091400209001001060643920043729383943759102003001121021  22221
14002331400233001001000510660035676664998868102004002081014  22225
14002331400233001001000614780028677497395838102004002021070  22225
14002331400233001001017934190041281610480709102004002121076  22228
14002331400233001001034193710027874602787364102004001062062  22221
14002331400233001001054536000021855521783361102004001031   0122221
14002821400282001001012527570030113405344995102003001062066  22221
14002821400282001001013865880011644331036036102003001041   0122221
14002821400282001001015983930038853881332946102003001111082  22221
14002821400282001001017327390034121893266145102003001112066  22221
14002821400282001001024740230033609381280301102003001061033  22221
14002821400282001001027713990026296282226994102003002121032  22228
14002821400282001001029243230030228704548501102003001112056  22221
14002821400282001001031189740029448687627083102003001091023  22221
14002821400282001001031344190029427034131149102003001031030  22221
14002821400282001001040135600037625720551326102003001061   1122221
14002821400282001001042263540031666351773359102003002072025  22228
14002821400282001001045891900036062620487928102003001082070  22221
14002821400282001001048998840024708841202777102003002011083  22225
14002821400282001001055243800025071132719021102003002041077  22228
14002821400282001001055243800025071132719021102003002011077  22228
14002821400282001001059121550033917967173328102003002021034  22225
14002821400282001001059604380029956212071176102003001102028  22221
14002821400282001001059832470022881776347788102003001031030  22221
14003081400308001001001469640052633764190389102003001021029  22221
14003081400308001001002371950053339461349471102003002051025  22228
14003081400308001001015261390049739012688004102003001111052  22221
14003081400308001001015274230050727917477484102003002051032  22228
14003081400308001001022247180048608504083324102003002072   0622228
14003081400308001001026980930049880616503203102003001112071  22221
14003081400308001001027008470051928067031307102003001031024  22221
14003081400308001001034133990051575218451766102003001022069  22221
14003081400308001001041065670053128216585129102003001051034  22221
14003081400308001001042956670052280915610848102003001011069  22221
14003081400308001001053609640053128216585129102003001031044  22221
14003081400308001001060999570053128216585129102003001111032  22221
14004071400407001001009925260025735341697425101002001122078  22221
14004071400407001001010568940032730350955107101002002031009  22225
14004071400407001001012511770025152273307068101002002032   1122225
14004071400407001001014073730030309822339883101002001032002  22221
14004071400407001001025938400032425553792975101002002121060  22228
14004071400407001001046067990026286313662378101002001022028  22221
14004071400407001001052796520025605474366743101002002041   0222225
14004071400407001001056039140035942229259162101002002091045  22228
14004561400456001001003347630056993569391784101001002092002  22227
14004561400456001001003696200049916879354535101001001052087  22221
14004561400456001001021166500090379702420231101001002082069  22227
14004561400456001001030924540041366354296528101001001011080  22221
14004561400456001001035397620041061849504825101001002071054  22225
14004561400456001001051315060097844809760475101001002061003  22225
14004721400472001001002067640089896619493268102004002022056  22228
14004721400472001001013873700114486082374473102004001031030  22221
14004721400472001001020009960102191350933871102004002112001  22225
14004721400472001001029805330108447855590163102004002071078  22228
14004721400472001001038041000096153124149561102004002102087  22225
14004721400472001001045165890096153124149561102004002021067  22228
14004721400472001001056066120120960864902749102004002071033  22228
14004721400472001001060055800089896619493268102004002101045  22228
14005061400506001001004486650040756877180011102004001011045  22221
14005061400506001001005961910019917655047285102004001042080  22221
14005061400506001001006233590010824118175338102004001071070  22221
14005061400506001001007927110032558512801678102004002082067  22228
14005061400506001001010584660030105333883932102004001032044  22221
14005061400506001001012505540016865310772479102004002031042  22228
14005061400506001001020302040027820367963316102004001102070  22221
14005061400506001001020858130032664252589921102004001081065  22221
14005061400506001001048749240051883466078912102004001092041  22221
14005061400506001001050313970044145553251322102004001111068  22221
14005061400506001001054765030036446369176141102004001122018  22221
14006051400605001001004761330037864598481070102004001011017  22221
14006051400605001001004939890015156398634598102004001082037  22221
14006051400605001001016822500030588750830132102004002121085  22228
14006051400605001001024013850037598781145204102004002011053  22225
14006051400605001001025927330049305703376112102004001122082  22221
14006051400605001001031659160032719923401962102004001011027  22221
14006051400605001001052772000036991955919391102004002082071  22225
14007041400704001001035635860034872986015595101002001041   0222221
